   4.3229698e+02   7.4641694e+01   0.0000000e+00
   4.4610209e+02   7.2198697e+01   0.0000000e+00
   4.5190255e+02   7.8713355e+01   0.0000000e+00
   4.6617169e+02   8.7182410e+01   0.0000000e+00
   4.6524362e+02   9.7361564e+01   0.0000000e+00
   4.5526682e+02   1.1454397e+02   0.0000000e+00
   4.2930233e+02   7.3175896e+01   5.0000000e+00
   4.5523256e+02   7.0651466e+01   5.0000000e+00
   4.6802326e+02   7.1547231e+01   5.0000000e+00
   4.6930233e+02   8.0342020e+01   5.0000000e+00
   4.6860465e+02   1.0843648e+02   5.0000000e+00
   4.6872093e+02   1.1804560e+02   5.0000000e+00
   4.5755814e+02   1.1771987e+02   5.0000000e+00
   4.2475638e+02   8.7047308e+01   1.0000000e+01
   4.2440835e+02   9.2104405e+01   1.0000000e+01
   4.3044084e+02   9.1859706e+01   1.0000000e+01
   4.3450116e+02   9.2349103e+01   1.0000000e+01
   4.3020882e+02   8.5171289e+01   1.0000000e+01
   4.2301624e+02   1.0572594e+02   1.5000000e+01
   4.2649652e+02   1.0034258e+02   1.5000000e+01
   4.3206497e+02   1.0189233e+02   1.5000000e+01
   4.3044084e+02   9.6916803e+01   1.5000000e+01
   4.3960557e+02   1.1168026e+02   1.5000000e+01
   4.4587007e+02   1.1641109e+02   1.5000000e+01
   4.2232019e+02   7.8809135e+01   1.5000000e+01
   4.2464037e+02   7.2528548e+01   1.5000000e+01
   4.2127610e+02   7.1305057e+01   1.5000000e+01
   4.2372093e+02   1.1061990e+02   2.0000000e+01
   4.2674419e+02   1.1061990e+02   2.0000000e+01
   4.2965116e+02   1.0646003e+02   2.0000000e+01
   4.3244186e+02   1.1200653e+02   2.0000000e+01
   4.2790698e+02   1.1812398e+02   2.0000000e+01
   4.4453704e+02   7.9624796e+01  -5.0000000e+00
   4.4245370e+02   8.5823817e+01  -5.0000000e+00
   4.5252315e+02   8.6965742e+01  -5.0000000e+00
   4.6131944e+02   9.4714519e+01  -5.0000000e+00
   4.6108796e+02   1.0915171e+02  -5.0000000e+00
   4.3921296e+02   9.3980424e+01  -5.0000000e+00
   4.3465116e+02   7.8156607e+01  -1.0000000e+01
   4.3813953e+02   7.9298532e+01  -1.0000000e+01
   4.4104651e+02   8.2642741e+01  -1.0000000e+01
   4.3825581e+02   8.4926591e+01  -1.0000000e+01
   4.4232558e+02   9.2349103e+01  -1.0000000e+01
   4.4372093e+02   9.0228385e+01  -1.0000000e+01
   4.4976744e+02   9.2349103e+01  -1.0000000e+01
   4.4953488e+02   9.1288744e+01  -1.0000000e+01
   4.5534884e+02   9.1533442e+01  -1.0000000e+01
   4.6034884e+02   9.7243067e+01  -1.0000000e+01
   4.6046512e+02   1.0662316e+02  -1.0000000e+01
   4.5581395e+02   1.1216966e+02  -1.0000000e+01
   4.5058140e+02   1.1265905e+02  -1.0000000e+01
   4.4069767e+02   9.6672104e+01  -1.0000000e+01
   4.4069767e+02   9.3327896e+01  -1.5000000e+01
   4.4186047e+02   8.9494290e+01  -1.5000000e+01
   4.4906977e+02   9.2185971e+01  -1.5000000e+01
   4.5197674e+02   9.2267537e+01  -1.5000000e+01
   4.5476744e+02   9.2512235e+01  -1.5000000e+01
   4.6034884e+02   9.9200653e+01  -1.5000000e+01
   4.6046512e+02   1.0629690e+02  -1.5000000e+01
   4.5279070e+02   1.1339315e+02  -1.5000000e+01
   4.5290698e+02   1.1314845e+02  -1.5000000e+01
   4.3441860e+02   7.8401305e+01  -1.5000000e+01
   4.3511628e+02   7.7911909e+01  -1.5000000e+01
   4.3895349e+02   7.9053834e+01  -1.5000000e+01
   4.3883721e+02   8.0440457e+01  -1.5000000e+01
   4.3965116e+02   8.4029364e+01  -1.5000000e+01
   4.3453488e+02   8.0195759e+01  -2.0000000e+01
   4.3604651e+02   8.1092985e+01  -2.0000000e+01
   4.3639535e+02   8.3866232e+01  -2.0000000e+01
   4.4523256e+02   9.4714519e+01  -2.0000000e+01
   4.4465116e+02   9.8058728e+01  -2.0000000e+01
   4.5232558e+02   9.7161501e+01  -2.0000000e+01
   4.5313953e+02   9.6264274e+01  -2.0000000e+01
   4.5918605e+02   1.0548124e+02  -2.0000000e+01
   4.5558140e+02   1.0988581e+02  -2.0000000e+01
   4.4709302e+02   1.0278956e+02  -2.5000000e+01
   4.4848837e+02   1.0270799e+02  -2.5000000e+01
   4.4965116e+02   1.0629690e+02  -2.5000000e+01

